AUC=0.851199999999999+-0.1084204988471544
EF_1 = 17.0
