AUC=0.7444000000000031+-0.06404672501134441
EF_1 = 8.677150786308973
